time 0.1_bbb 5.0_bbb 0.1_b 5.0_b 0.1_mbb 5.0_mbb 0.1_mbs 5.0_mbs 0.1_mmm 5.0_mmm 0.1_m 5.0_m 0.1_sss 5.0_sss 0.1_s 5.0_s
0.000 0.00000000 0.00000000 0.00000000 0.00000000 0.00000000 0.00000000 0.00000000 0.00000000 NA NA NA NA NA NA NA NA
1.000 0.02506258 0.02506258 0.02506258 0.02506258 0.02506258 0.02506258 0.02506258 0.02506258 NA NA NA NA NA NA NA NA
2.000 0.06208491 0.06208491 0.06208491 0.06208491 0.06208491 0.06208491 0.06208491 0.06208491 NA NA NA NA NA NA NA NA
3.000 0.09112565 0.09112565 0.09112659 0.09112659 0.09112565 0.09112565 0.09112565 0.09112565 NA NA NA NA NA NA NA NA
4.000 0.10866039 0.10866039 0.10866197 0.10866197 0.10866039 0.10866039 0.10866039 0.10866039 NA NA NA NA NA NA NA NA
5.000 0.12615731 0.12615645 0.12617289 0.12616931 0.12616657 0.12615159 0.12615908 0.12619331 NA NA NA NA NA NA NA NA
6.000 0.14653618 0.14656533 0.14670012 0.14663263 0.14658578 0.14655757 0.14665158 0.14670096 NA NA NA NA NA NA NA NA
7.000 0.17068198 0.17072849 0.17097914 0.17084665 0.17073166 0.17074136 0.17089342 0.17093249 NA NA NA NA NA NA NA NA
8.000 0.20111176 0.20114720 0.20147176 0.20135777 0.20113817 0.20117377 0.20143766 0.20148652 NA NA NA NA NA NA NA NA
9.000 0.24334117 0.24331836 0.24367393 0.24377805 0.24337117 0.24339354 0.24388945 0.24391982 NA NA NA NA NA NA NA NA
10.000 0.29881472 0.29861089 0.29910345 0.29949497 0.29884616 0.29888306 0.29961060 0.29956337 NA NA NA NA NA NA NA NA
11.000 0.37058094 0.37020112 0.37092559 0.37158206 0.37063076 0.37074570 0.37162943 0.37151100 NA NA NA NA NA NA NA NA
12.000 0.46102183 0.46048755 0.46143187 0.46228496 0.46108221 0.46119719 0.46234677 0.46221309 NA NA NA NA NA NA NA NA
13.000 0.55448211 0.54983540 0.55403167 0.55095467 0.55445256 0.54995216 0.55456758 0.54969904 NA NA NA NA NA NA NA NA
14.000 0.66400505 0.65712952 0.66315687 0.65740457 0.66389301 0.65707079 0.66355022 0.65641408 NA NA NA NA NA NA NA NA
15.000 0.79583460 0.78720008 0.79479637 0.78724599 0.79567277 0.78708777 0.79514655 0.78620487 NA NA NA NA NA NA NA NA
16.000 0.93264174 0.94472073 0.93668503 0.94460002 0.93038222 0.94467291 0.92728536 0.94367749 NA NA NA NA NA NA NA NA
17.000 1.05696701 1.13306720 1.06942798 1.13298687 1.05291126 1.13294510 1.04773073 1.13192845 NA NA NA NA NA NA NA NA
18.000 1.17386452 1.35586510 1.19684822 1.35589555 1.16854780 1.35566899 1.16111938 1.35451594 NA NA NA NA NA NA NA NA
19.000 1.28605795 1.61231633 1.32263523 1.61265973 1.27992123 1.61200267 1.26994007 1.61090764 NA NA NA NA NA NA NA NA
20.000 1.39765746 1.90654462 1.45336862 1.90742778 1.39121307 1.90619223 1.37789488 1.90519117 NA NA NA NA NA NA NA NA
21.000 1.50454454 2.24639536 1.58225279 2.24787098 1.49846228 2.24598331 1.48135136 2.24500650 NA NA NA NA NA NA NA NA
22.000 1.60565018 2.64162937 1.70781595 2.64377577 1.60053580 2.64114159 1.57917999 2.64010417 NA NA NA NA NA NA NA NA
23.000 1.70381083 3.10453856 1.83492865 3.10734062 1.70054090 3.10383052 1.67395937 3.10277692 NA NA NA NA NA NA NA NA
24.000 1.79684665 3.64989025 1.95867402 3.65329282 1.79620762 3.64890501 1.76370510 3.64788083 NA NA NA NA NA NA NA NA
25.000 1.88355601 4.29421536 2.07663555 4.29822670 1.88614518 4.29295755 1.84724361 4.29194249 NA NA NA NA NA NA NA NA
26.000 1.96099636 4.99672222 2.18767055 5.00014338 1.96859279 4.99535589 1.92093331 4.99432427 NA NA NA NA NA NA NA NA
27.000 2.02743093 5.68647834 2.28827150 5.69048211 2.03999816 5.68489735 1.98441182 5.68386326 NA NA NA NA NA NA NA NA
28.000 2.08524775 6.36241974 2.37798542 6.36705587 2.10267885 6.36062837 2.03976612 6.35949446 NA NA NA NA NA NA NA NA
29.000 2.13684997 7.02389855 2.45882357 7.02925808 2.15907625 7.02186208 2.08922977 7.02065115 NA NA NA NA NA NA NA NA
30.000 2.18389529 7.67004364 2.53293939 7.67624471 2.21094579 7.66783725 2.13438313 7.66659500 NA NA NA NA NA NA NA NA
31.000 2.22814916 8.30056571 2.60313507 8.30769485 2.26014624 8.29839978 2.17692158 8.29684406 NA NA NA NA NA NA NA NA
32.000 2.27044051 8.91480855 2.67185906 8.92301193 2.30750097 8.91291055 2.21763833 8.91103693 NA NA NA NA NA NA NA NA
33.000 2.31255053 9.51296649 2.74184053 9.52235253 2.35501676 9.51152168 2.25826601 9.50919586 NA NA NA NA NA NA NA NA
34.000 2.35406005 10.09525619 2.81415524 10.10571246 2.40249433 10.09427813 2.29847144 10.09151048 NA NA NA NA NA NA NA NA
35.000 2.39457032 10.66156864 2.88769070 10.67310836 2.44953946 10.66114976 2.33789301 10.65770982 NA NA NA NA NA NA NA NA
36.000 2.43407602 11.21225425 2.96178721 11.22467459 2.49605450 11.21230134 2.37659570 11.20813016 NA NA NA NA NA NA NA NA
37.000 2.47258093 11.74740941 3.03554511 11.76056809 2.54188662 11.74768175 2.41457073 11.74275438 NA NA NA NA NA NA NA NA
38.000 2.51008921 12.26721730 3.10827064 12.27977942 2.58645326 12.26758683 2.45173217 12.26195762 NA NA NA NA NA NA NA NA
39.000 2.54669064 12.75195515 3.17987720 12.72687049 2.62955514 12.74997673 2.48821418 12.75087727 NA NA NA NA NA NA NA NA
40.000 2.58250302 13.14986407 3.25042354 13.10512415 2.67204621 13.14584090 2.52421740 13.15245771 NA NA NA NA NA NA NA NA
