0.1_bbb 5.0_bbb 0.1_b 5.0_b time 0.1_mbb 5.0_mbb 0.1_mbs 5.0_mbs 0.1_mmm 5.0_mmm 0.1_m 5.0_m 0.1_sss 5.0_sss 0.1_s 5.0_s
NA NA NA NA 0.000 0.00000000 0.00000000 0.00000000 0.00000000 0.00000000 0.00000000 0.00000000 0.00000000 NA NA NA NA
NA NA NA NA 1.000 0.00594694 0.00594694 0.00594694 0.00594694 0.00594694 0.00594694 0.00594694 0.00594694 NA NA NA NA
NA NA NA NA 2.000 0.01318850 0.01318514 0.01319045 0.01317227 0.01322304 0.01320680 0.01319298 0.01315118 NA NA NA NA
NA NA NA NA 3.000 0.03033415 0.03030176 0.03036608 0.03018056 0.03069818 0.03053289 0.03038053 0.02995453 NA NA NA NA
NA NA NA NA 4.000 0.05553919 0.05547071 0.05565190 0.05517725 0.05647212 0.05606334 0.05567679 0.05460386 NA NA NA NA
NA NA NA NA 5.000 0.08075879 0.08067780 0.08097678 0.08022343 0.08222741 0.08162085 0.08104780 0.07936145 NA NA NA NA
NA NA NA NA 6.000 0.10587355 0.10577304 0.10615240 0.10500927 0.10814219 0.10714097 0.10639290 0.10392911 NA NA NA NA
NA NA NA NA 7.000 0.13299516 0.13272580 0.13318343 0.13140098 0.13670056 0.13476290 0.13388701 0.12978058 NA NA NA NA
NA NA NA NA 8.000 0.16493790 0.16421835 0.16475502 0.16214476 0.17089057 0.16732246 0.16633632 0.15932228 NA NA NA NA
NA NA NA NA 9.000 0.20541967 0.20373747 0.20439711 0.20089286 0.21436794 0.20838135 0.20737071 0.19599267 NA NA NA NA
NA NA NA NA 10.000 0.25893825 0.25586882 0.25671755 0.25208832 0.27151465 0.26261744 0.26147603 0.24450118 NA NA NA NA
NA NA NA NA 11.000 0.33008269 0.32596225 0.32696626 0.32087276 0.34673342 0.33537880 0.33335502 0.31033493 NA NA NA NA
NA NA NA NA 12.000 0.41693056 0.41791254 0.41402275 0.41093983 0.43799946 0.43017792 0.42167368 0.39801357 NA NA NA NA
NA NA NA NA 13.000 0.47351962 0.51811026 0.47667561 0.51480381 0.48775031 0.52684141 0.47676204 0.50641316 NA NA NA NA
NA NA NA NA 14.000 0.52441085 0.62874486 0.53123199 0.62670311 0.53943532 0.63459862 0.53011257 0.62195438 NA NA NA NA
NA NA NA NA 15.000 0.57599470 0.76825374 0.58667710 0.76685099 0.59600354 0.77244576 0.58719611 0.76410543 NA NA NA NA
NA NA NA NA 16.000 0.62909096 0.95551320 0.64428533 0.95429636 0.65617662 0.95882779 0.64795117 0.95271603 NA NA NA NA
NA NA NA NA 17.000 0.68283265 1.21027040 0.70321697 1.20879743 0.71775674 1.21308726 0.71109870 1.20792609 NA NA NA NA
NA NA NA NA 18.000 0.73608887 1.55259643 0.76220496 1.55072272 0.77884604 1.55530217 0.77514135 1.55021890 NA NA NA NA
NA NA NA NA 19.000 0.78878114 2.00293031 0.82088098 1.99849545 0.83901730 2.00559895 0.83995008 1.99994510 NA NA NA NA
NA NA NA NA 20.000 0.84469927 2.57289833 0.88342774 2.55854728 0.90341374 2.57544892 0.91040226 2.56496220 NA NA NA NA
NA NA NA NA 21.000 0.89955516 3.26244837 0.94625450 3.23902483 0.96838428 3.26522651 0.98189150 3.25005267 NA NA NA NA
NA NA NA NA 22.000 0.95095963 4.08037234 1.00529685 4.04952320 1.02977620 4.08499301 1.05177050 4.06380136 NA NA NA NA
NA NA NA NA 23.000 1.00307427 5.04356566 1.06480682 5.00837198 1.09269772 5.05224247 1.12200049 5.02319846 NA NA NA NA
NA NA NA NA 24.000 1.05250890 6.16054655 1.12160729 6.12330872 1.15330024 6.17510476 1.18900524 6.13633657 NA NA NA NA
NA NA NA NA 25.000 1.09805037 7.43711138 1.17411523 7.39822719 1.20959698 7.45794781 1.25159854 7.40795474 NA NA NA NA
NA NA NA NA 26.000 1.13983506 8.88498443 1.22239860 8.84413904 1.26144505 8.91216713 1.31007228 8.84845925 NA NA NA NA
NA NA NA NA 27.000 1.17824061 10.49742113 1.26696146 10.45504505 1.30932380 10.53135660 1.36492108 10.45145953 NA NA NA NA
NA NA NA NA 28.000 1.21394760 12.26021521 1.30857619 12.21636415 1.35404853 12.30109519 1.41692389 12.20372587 NA NA NA NA
NA NA NA NA 29.000 1.24766070 14.16411628 1.34805928 14.11952326 1.39652630 14.21239499 1.46689307 14.09640927 NA NA NA NA
NA NA NA NA 30.000 1.27976349 16.19946314 1.38584260 16.15357713 1.43721320 16.25532588 1.51529410 16.12009491 NA NA NA NA
NA NA NA NA 31.000 1.31120571 18.35660053 1.42300250 18.30737421 1.47733559 18.41892113 1.56342750 18.26473396 NA NA NA NA
NA NA NA NA 32.000 1.34213487 20.61482508 1.45955674 20.55936137 1.51668738 20.68269191 1.61096555 20.50874743 NA NA NA NA
NA NA NA NA 33.000 1.37357652 22.94385220 1.49693628 22.87992568 1.55748594 23.01677883 1.66026890 22.82245200 NA NA NA NA
NA NA NA NA 34.000 1.40490511 25.32960673 1.53459819 25.25492196 1.59861160 25.40678993 1.70998568 25.19275538 NA NA NA NA
NA NA NA NA 35.000 1.43564530 27.76617728 1.57167796 27.67815497 1.63909075 27.84653342 1.75922782 27.61402375 NA NA NA NA
NA NA NA NA 36.000 1.46555955 30.24322046 1.60794894 30.13968190 1.67863561 30.32540182 1.80770131 30.07570263 NA NA NA NA
NA NA NA NA 37.000 1.49436828 32.75941711 1.64305695 32.64073019 1.71682031 32.84163882 1.85496664 32.57705190 NA NA NA NA
NA NA NA NA 38.000 1.52196251 35.26147850 1.67685811 35.18214244 1.75351579 35.27778348 1.90080824 35.12260009 NA NA NA NA
NA NA NA NA 39.000 1.54841198 37.52013214 1.70940011 37.52929613 1.78878475 37.48823078 1.94533469 37.52369009 NA NA NA NA
NA NA NA NA 40.000 1.57382040 39.59033656 1.74080512 39.65222926 1.82275987 39.53087680 1.98861269 39.68089292 NA NA NA NA
